%YAML:1.0
---
type: IMU
name: A3
Gyr:
   unit: " rad/s"
   avg-axis:
      gyr_n: 2.1350184564612043e-01
      gyr_w: 8.4660440240781002e-04
   x-axis:
      gyr_n: 2.1359699016376402e-01
      gyr_w: 9.5769616338638338e-04
   y-axis:
      gyr_n: 2.1276189744340071e-01
      gyr_w: 8.6822548766769499e-04
   z-axis:
      gyr_n: 2.1414664933119659e-01
      gyr_w: 7.1389155616935170e-04
Acc:
   unit: " m/s^2"
   avg-axis:
      acc_n: 2.7071461810287450e-01
      acc_w: 3.0732429510146350e-03
   x-axis:
      acc_n: 2.6860516269572687e-01
      acc_w: 2.9892568982595618e-03
   y-axis:
      acc_n: 2.7083576596632780e-01
      acc_w: 3.1811729262698337e-03
   z-axis:
      acc_n: 2.7270292564656878e-01
      acc_w: 3.0492990285145081e-03
