%YAML:1.0
---
type: IMU
name: A3
Gyr:
   unit: " rad/s"
   avg-axis:
      gyr_n: 2.1300533748728481e-01
      gyr_w: 9.6560691990796408e-04
   x-axis:
      gyr_n: 2.1353550844651001e-01
      gyr_w: 1.0371736555548612e-03
   y-axis:
      gyr_n: 2.1358338652639305e-01
      gyr_w: 8.4332217344453106e-04
   z-axis:
      gyr_n: 2.1189711748895135e-01
      gyr_w: 1.0163249307244999e-03
Acc:
   unit: " m/s^2"
   avg-axis:
      acc_n: 2.7026679624462074e-01
      acc_w: 3.2077358808868216e-03
   x-axis:
      acc_n: 2.7052979045189629e-01
      acc_w: 2.9712020763044654e-03
   y-axis:
      acc_n: 2.6991313646744314e-01
      acc_w: 3.3793365764075486e-03
   z-axis:
      acc_n: 2.7035746181452280e-01
      acc_w: 3.2726689899484512e-03
