%YAML:1.0
---
type: IMU
name: A3
Gyr:
   unit: " rad/s"
   avg-axis:
      gyr_n: 3.4727343623073986e-01
      gyr_w: 4.5594967884907741e-04
   x-axis:
      gyr_n: 3.4948069227959200e-01
      gyr_w: 4.1435975753751405e-04
   y-axis:
      gyr_n: 3.3547159444604535e-01
      gyr_w: 3.9049744735201628e-04
   z-axis:
      gyr_n: 3.5686802196658218e-01
      gyr_w: 5.6299183165770179e-04
Acc:
   unit: " m/s^2"
   avg-axis:
      acc_n: 4.0275658181683988e-01
      acc_w: 1.8590903547389618e-03
   x-axis:
      acc_n: 4.0472811911144657e-01
      acc_w: 1.8691576715179701e-03
   y-axis:
      acc_n: 3.9841001491541350e-01
      acc_w: 1.8520531320615720e-03
   z-axis:
      acc_n: 4.0513161142365955e-01
      acc_w: 1.8560602606373425e-03
